      0/99     4.97G   0.08146   0.01187         0   0.09333       106       640   0.01199    0.1118  0.006169  0.001051    0.1113   0.01048         0
      1/99     4.95G   0.06807  0.009344         0   0.07741       127       640   0.07484    0.2026   0.03838  0.008568   0.08714   0.01211         0
      2/99      6.9G   0.05968  0.009935         0   0.06962       112       640    0.1364    0.2415   0.08274   0.01864   0.08655   0.01165         0
      3/99     6.92G   0.05543  0.009641         0   0.06507        95       640    0.2536    0.2445    0.1469   0.04607   0.07931   0.01163         0
      4/99     6.92G   0.05284   0.01005         0   0.06289        90       640    0.3249    0.4165    0.2614    0.1003   0.07376   0.01176         0
      5/99     6.92G   0.05007   0.01023         0   0.06031       100       640    0.4405    0.4149      0.34    0.1541    0.0687   0.01164         0
      6/99     6.92G   0.04849   0.01012         0   0.05861        92       640    0.4718    0.4376     0.379    0.1707   0.07308   0.01138         0
      7/99     6.92G   0.04753   0.01032         0   0.05785       108       640    0.4595     0.478    0.4079    0.1962   0.06394   0.01146         0
      8/99     6.94G   0.04645   0.01025         0    0.0567       107       640    0.4793    0.4036    0.3892    0.1876   0.06988   0.01111         0
      9/99     6.94G   0.04568   0.01012         0    0.0558        98       640    0.4781    0.4113    0.3943    0.1927   0.07115   0.01087         0
     10/99     6.94G   0.04811  0.009645         0   0.05775        91       640    0.5018     0.436    0.4134    0.1983   0.07027   0.01119         0
     11/99     6.94G   0.04648  0.009841         0   0.05632       126       640    0.5229    0.4298    0.4356    0.2098   0.06105    0.0115         0
     12/99     6.94G    0.0461   0.01003         0   0.05613       110       640    0.4251    0.4408    0.3857    0.1834   0.06481   0.01118         0
     13/99     6.94G   0.04578  0.009795         0   0.05557       127       640    0.4613    0.4279    0.3862    0.1766   0.06035   0.01132         0
     14/99     6.94G   0.04492  0.009943         0   0.05487       143       640    0.4485    0.5166    0.4558    0.2186   0.06235   0.01118         0
     15/99     6.94G   0.04413  0.009911         0   0.05404       104       640    0.5937    0.4246    0.4531    0.2142   0.06596   0.01111         0
     16/99     6.94G   0.04482  0.009798         0   0.05461        95       640    0.5716    0.4587     0.486    0.2273   0.06599   0.01043         0
     17/99     6.94G   0.04425  0.009697         0   0.05395       120       640    0.5234    0.4392    0.4352    0.2062   0.06478   0.01046         0
     18/99     6.94G   0.04378  0.009897         0   0.05368       111       640      0.36    0.4781    0.3772    0.1703   0.06389   0.01121         0
     19/99     6.95G    0.0442  0.009672         0   0.05387       103       640    0.4775    0.3841    0.3708    0.1763   0.06172   0.01117         0
     20/99     6.95G   0.04348  0.009954         0   0.05343       102       640    0.4716    0.4585    0.4332    0.2131   0.05973   0.01146         0
     21/99     6.95G   0.04404  0.009967         0   0.05401       113       640    0.4545    0.4862    0.3981    0.1854   0.05754   0.01182         0
     22/99     6.95G   0.04308  0.009617         0    0.0527       103       640    0.5654     0.447    0.4727    0.2317   0.05605   0.01157         0
     23/99     6.95G   0.04267  0.009819         0   0.05249        99       640    0.4382    0.4327    0.3894     0.182   0.06082    0.0113         0
     24/99     6.95G    0.0423  0.009639         0   0.05194       100       640    0.5245    0.4441    0.4421    0.2167   0.06211   0.01171         0
     25/99     6.95G   0.04194  0.009879         0   0.05181       113       640    0.5152    0.5151    0.4676    0.2237   0.05584   0.01093         0
     26/99     6.95G   0.04127  0.009574         0   0.05085       126       640    0.4974    0.4733     0.444    0.2146   0.05556   0.01161         0
     27/99     6.95G   0.04154  0.009829         0   0.05137       129       640    0.5738    0.4473    0.4696    0.2442   0.05515   0.01132         0
     28/99     6.95G   0.04156  0.009713         0   0.05127       139       640    0.5773    0.4228    0.4691    0.2253   0.05738   0.01095         0
     29/99     6.95G   0.04083  0.009634         0   0.05047        98       640    0.5344    0.4716    0.4649    0.2289    0.0561   0.01105         0
     30/99     6.95G   0.04041  0.009856         0   0.05026       109       640    0.5269    0.4873    0.4826    0.2419   0.05053   0.01126         0
     31/99     6.95G   0.04006  0.009542         0    0.0496        96       640    0.4888    0.5381    0.4625    0.2384   0.05225   0.01142         0
     32/99     6.95G   0.04047  0.009421         0   0.04989       100       640    0.5255     0.551    0.5186    0.2569    0.0536    0.0114         0
     33/99     6.95G   0.04007  0.009698         0   0.04977       118       640    0.4829    0.4862    0.4553     0.234   0.05326   0.01116         0
     34/99     6.95G   0.03943  0.009561         0   0.04899       108       640    0.4531    0.5122    0.4642    0.2237   0.05413    0.0118         0
     35/99     6.95G   0.03952  0.009611         0   0.04913       105       640    0.5062    0.5167    0.4772    0.2385   0.05471   0.01106         0
     36/99     6.95G   0.03924  0.009156         0    0.0484       105       640    0.5846    0.4959     0.525    0.2666    0.0502   0.01133         0
     37/99     6.95G   0.03965   0.00965         0    0.0493       107       640    0.5843    0.4603    0.4743    0.2488   0.05524   0.01108         0
     38/99     6.95G   0.03832  0.009812         0   0.04813        98       640    0.6062    0.4554    0.5142    0.2604   0.05408   0.01094         0
     39/99     6.95G   0.03824  0.009214         0   0.04746        91       640    0.5539    0.4846    0.5042    0.2627   0.05209   0.01118         0
     40/99     6.95G    0.0382  0.009351         0   0.04755       113       640     0.525    0.4992    0.4904    0.2485    0.0543   0.01124         0
     41/99     6.95G   0.03822  0.009317         0   0.04753       133       640    0.5872    0.5071    0.5042    0.2609   0.05358   0.01169         0
     42/99     6.95G   0.03891  0.009421         0   0.04833       114       640    0.5939    0.5024    0.5179    0.2746   0.05356   0.01103         0
     43/99     6.95G   0.03728   0.00915         0   0.04643       119       640    0.5168    0.4943    0.4826     0.251   0.05292   0.01105         0
     44/99     6.95G   0.03797  0.009373         0   0.04734       140       640     0.573    0.5284    0.5107    0.2684   0.05024   0.01169         0
     45/99     6.95G   0.03731  0.009082         0   0.04639       104       640    0.5468    0.5203    0.5052     0.261   0.05087   0.01133         0
     46/99     6.95G   0.03695  0.009133         0   0.04608       121       640    0.5947    0.4992    0.5353    0.2861   0.04923   0.01138         0
     47/99     6.95G   0.03746  0.009178         0   0.04663       109       640    0.5797    0.5119    0.5142    0.2678    0.0486   0.01149         0
     48/99     6.95G   0.03709  0.009414         0    0.0465       117       640    0.5837    0.5413    0.5489    0.2884   0.04876   0.01119         0
     49/99     6.95G   0.03648  0.009411         0   0.04589       102       640     0.611    0.4895    0.5175    0.2707   0.05045   0.01151         0
     50/99     6.95G   0.03667  0.009138         0   0.04581        97       640    0.5304    0.5608    0.5297     0.276   0.04846    0.0117         0
     51/99     6.95G   0.03672  0.009288         0   0.04601       144       640    0.6131    0.5154    0.5341      0.28   0.04675   0.01174         0
     52/99     6.95G   0.03688  0.009216         0    0.0461       111       640    0.6201      0.47    0.5139    0.2674   0.04892   0.01129         0
     53/99     6.95G   0.03619  0.009212         0    0.0454       101       640     0.566    0.5494    0.5527    0.2948    0.0477    0.0114         0
     54/99     6.95G   0.03604  0.009037         0   0.04508       110       640    0.5003    0.5883     0.531    0.2793   0.05149   0.01118         0
     55/99     6.95G   0.03611   0.00911         0   0.04522       131       640    0.5685     0.517    0.5183    0.2642   0.04887   0.01169         0
     56/99     6.95G   0.03556  0.008883         0   0.04444       107       640    0.5852    0.5624    0.5444    0.2822   0.04773   0.01209         0
     57/99     6.95G   0.03644  0.008918         0   0.04535       116       640    0.5248    0.5138    0.4758    0.2454   0.05044   0.01156         0
     58/99     6.95G   0.03524  0.009068         0   0.04431       104       640    0.5739    0.5332    0.5387    0.2842   0.04818   0.01147         0
     59/99     6.95G   0.03532  0.009049         0   0.04437        92       640    0.5475    0.5765    0.5325    0.2765    0.0491    0.0116         0
     60/99     6.95G   0.03533  0.009045         0   0.04438       104       640    0.6039    0.5267    0.5357    0.2857   0.04776   0.01178         0
     61/99     6.95G   0.03552  0.008676         0   0.04419       108       640    0.6484    0.4976    0.5441    0.2799   0.04684   0.01181         0
     62/99     6.95G   0.03504  0.008926         0   0.04397       120       640    0.5876    0.5219    0.5305    0.2763    0.0473   0.01184         0
     63/99     6.95G   0.03505  0.009069         0   0.04412       118       640    0.6507    0.4652    0.5284    0.2751   0.04824   0.01157         0
     64/99     6.95G   0.03484  0.008873         0   0.04372        86       640    0.5822    0.5559     0.559    0.2949   0.04866   0.01145         0
     65/99     6.95G    0.0346  0.008988         0   0.04359       107       640    0.5949    0.5219    0.5415    0.2873   0.04806   0.01171         0
     66/99     6.95G   0.03372   0.00838         0   0.04211       104       640    0.5811    0.5509     0.529    0.2817   0.04875   0.01179         0
     67/99     6.95G   0.03426  0.009016         0   0.04327       110       640    0.6352    0.5089    0.5593    0.2952   0.04791   0.01185         0
     68/99     6.95G   0.03437  0.008658         0   0.04303       107       640    0.5589    0.5802    0.5531    0.2875   0.04715   0.01189         0
     69/99     6.95G   0.03422  0.008774         0   0.04299       105       640    0.6922    0.4927    0.5646    0.3028   0.04566   0.01213         0
     70/99     6.95G   0.03375  0.008679         0   0.04243        99       640    0.6102    0.5151    0.5387    0.2718   0.04783   0.01188         0
     71/99     6.95G   0.03381  0.008508         0   0.04232       122       640    0.5995    0.5138    0.5371    0.2741   0.04816   0.01185         0
     72/99     6.95G    0.0334  0.008698         0    0.0421       110       640    0.6672    0.4943    0.5481    0.2817   0.04827   0.01207         0
     73/99     6.95G   0.03303  0.008538         0   0.04157       117       640    0.6203    0.5348    0.5663    0.2964   0.04608   0.01194         0
     74/99     6.95G   0.03354   0.00854         0   0.04208        98       640    0.5894    0.5444    0.5476    0.2873   0.04731   0.01216         0
     75/99     6.95G   0.03353  0.008675         0   0.04221        97       640    0.6349    0.5138    0.5474    0.2824   0.04783   0.01166         0
     76/99     6.95G   0.03338  0.008678         0   0.04206       112       640    0.6017    0.5316    0.5546    0.2904   0.04596   0.01193         0
     77/99     6.95G   0.03314  0.008429         0   0.04157       116       640      0.57     0.565    0.5598    0.2859   0.04642   0.01205         0
     78/99     6.95G   0.03279  0.008941         0   0.04173       100       640    0.5463    0.5912    0.5562    0.2917    0.0477   0.01199         0
     79/99     6.95G   0.03295  0.008451         0    0.0414       107       640    0.6477    0.4797    0.5425    0.2821   0.04679   0.01231         0
     80/99     6.95G   0.03269  0.008646         0   0.04134       110       640    0.7139    0.4893    0.5687    0.2968   0.04629   0.01215         0
     81/99     6.95G   0.03217  0.008587         0   0.04076       109       640    0.6371    0.5429    0.5637    0.2975   0.04563   0.01219         0
     82/99     6.95G   0.03283  0.008641         0   0.04147       129       640    0.6449    0.4974    0.5381     0.284   0.04678   0.01252         0
     83/99     6.95G   0.03249  0.008389         0   0.04088       105       640    0.6878    0.4846    0.5509    0.2947   0.04713   0.01226         0
     84/99     6.95G   0.03251  0.008506         0   0.04101       139       640    0.6314    0.5446     0.564    0.2986   0.04531   0.01203         0
     85/99     6.95G   0.03256  0.008502         0   0.04107       122       640    0.6084    0.5073    0.5323     0.278   0.04697   0.01237         0
     86/99     6.95G   0.03211  0.008396         0    0.0405       112       640    0.6534     0.483    0.5296    0.2813   0.04673   0.01243         0
     87/99     6.95G    0.0316  0.008354         0   0.03996       124       640    0.6365    0.5203    0.5538    0.2909   0.04539   0.01261         0
     88/99     6.95G   0.03243  0.008306         0   0.04073       125       640    0.6215    0.5215    0.5421    0.2852   0.04543   0.01272         0
     89/99     6.95G   0.03203  0.008209         0   0.04024       107       640    0.6042    0.5446    0.5416    0.2855   0.04608   0.01259         0
     90/99     6.95G    0.0325  0.008089         0   0.04059       107       640    0.6035    0.5378    0.5463    0.2834   0.04576   0.01277         0
     91/99     6.95G   0.03181  0.008212         0   0.04002       128       640    0.6609    0.5154    0.5534    0.2911   0.04484    0.0125         0
     92/99     6.95G     0.032  0.008104         0   0.04011       136       640    0.6457     0.517    0.5503    0.2866   0.04469    0.0127         0
     93/99     6.95G   0.03171  0.008273         0   0.03999       120       640    0.6153    0.5478    0.5434    0.2894   0.04367   0.01261         0
     94/99     6.95G   0.03174  0.008121         0   0.03986        99       640    0.5574    0.5736     0.539    0.2879   0.04463   0.01259         0
     95/99     6.95G   0.03121  0.008056         0   0.03926       106       640    0.5853    0.5489    0.5312    0.2762   0.04499   0.01249         0
     96/99     6.95G   0.03138  0.008114         0   0.03949       116       640    0.5649    0.5851    0.5367    0.2777   0.04518   0.01258         0
     97/99     6.95G   0.03116  0.008013         0   0.03917       122       640    0.6067    0.5543    0.5473    0.2876   0.04582   0.01245         0
     98/99     6.95G   0.03157  0.008299         0   0.03987       125       640    0.6698    0.4976     0.548    0.2905   0.04557   0.01242         0
     99/99     6.95G   0.03138   0.00839         0   0.03977       107       640    0.6125    0.5332    0.5373    0.2829   0.04596    0.0127         0
