      0/99    0.694G   0.06539   0.01746    0.0318    0.1146        79       640    0.2182    0.2222    0.1355    0.0525   0.07991   0.02712   0.03277
      1/99     5.02G   0.05136   0.01864   0.02174   0.09174        80       640    0.2972    0.3723    0.2705     0.122   0.07413   0.02744   0.02746
      2/99     7.43G   0.05031    0.0189   0.01849    0.0877        77       640    0.3291      0.43    0.3081    0.1366   0.07119   0.02753   0.02486
      3/99     7.43G   0.04825   0.01948   0.01656   0.08429       154       640    0.3719    0.4061    0.3203    0.1477    0.0689   0.02871   0.02312
      4/99     7.45G    0.0477   0.01952   0.01609   0.08331       145       640    0.3351    0.4166    0.3131      0.14   0.06952   0.02809   0.02309
      5/99     7.46G   0.04681   0.01987   0.01563   0.08231        58       640    0.3524    0.3788    0.2999    0.1346   0.06891   0.03102   0.02349
      6/99     7.46G   0.04628   0.01997   0.01482   0.08107        89       640    0.4106    0.4041    0.3526    0.1657   0.06524   0.02992   0.02203
      7/99     7.46G    0.0457   0.02012   0.01409   0.07991       133       640    0.4243    0.4099     0.361    0.1685   0.06619   0.02999   0.02177
      8/99     7.46G   0.04536   0.02003   0.01405   0.07944        97       640    0.3882    0.4204    0.3544     0.173    0.0669   0.02941   0.02182
      9/99     7.46G   0.04505   0.01999   0.01353   0.07857        86       640    0.4065    0.3979    0.3442    0.1602   0.06595   0.02998   0.02131
     10/99     7.46G   0.04431   0.02024   0.01313   0.07768       124       640    0.4434    0.4442    0.3932    0.1913   0.06554   0.02937    0.0205
     11/99     7.46G   0.04453   0.02032   0.01315     0.078        65       640    0.4082    0.4262    0.3657    0.1772   0.06779   0.02862   0.02043
     12/99     7.46G   0.04397   0.01999   0.01259   0.07655       100       640    0.4659    0.4249    0.3995    0.1979   0.06515   0.02915    0.0196
     13/99     7.46G   0.04384   0.01995   0.01244   0.07623       248       640    0.4542    0.4314     0.408     0.206   0.06492   0.02888   0.01946
     14/99     7.46G   0.04385    0.0202    0.0126   0.07665        89       640    0.4371    0.4405    0.3937    0.1948    0.0652   0.02904   0.02015
     15/99     7.46G   0.04375   0.01993   0.01217   0.07585       108       640    0.4886    0.4741    0.4312    0.2197   0.06479     0.029   0.01942
     16/99     7.46G   0.04362   0.02003   0.01223   0.07588       132       640    0.4884    0.4254    0.4148    0.2048   0.06502   0.02891   0.01968
     17/99     7.46G   0.04373   0.01982   0.01219   0.07575        86       640    0.4736    0.4594    0.4252    0.2164   0.06436   0.03016   0.01927
     18/99     7.46G   0.04339   0.01998   0.01169   0.07507        56       640    0.4588     0.462    0.4087    0.2051   0.06356   0.03018   0.01978
     19/99     7.46G   0.04305   0.01994   0.01168   0.07467        42       640     0.465    0.4699    0.4225    0.2167   0.06355   0.02936   0.01917
     20/99     7.46G    0.0433   0.02006   0.01182   0.07519        61       640    0.4442    0.5059    0.4263    0.2176   0.06248   0.02972   0.01925
     21/99     7.46G   0.04285   0.01977   0.01136   0.07398        63       640    0.4661    0.4872     0.441     0.225   0.06122    0.0303   0.01903
     22/99     7.46G   0.04307      0.02   0.01167   0.07474       160       640    0.4828    0.4497    0.4293     0.222   0.06183   0.02971   0.01917
     23/99     7.46G   0.04283   0.02002   0.01144   0.07429       119       640    0.4497    0.4883    0.4288    0.2184   0.06172   0.03062   0.01867
     24/99     7.46G   0.04258   0.02013   0.01119    0.0739        72       640    0.4932    0.4651    0.4367    0.2226   0.06241   0.02974   0.01847
     25/99     7.46G   0.04272   0.01977   0.01134   0.07383        94       640    0.5043    0.4576     0.434    0.2236   0.06236   0.03055   0.01885
     26/99     7.46G   0.04256   0.01968   0.01108   0.07331        98       640    0.4611    0.5154    0.4495    0.2319    0.0623   0.02995   0.01835
     27/99     7.46G   0.04275   0.01974   0.01102   0.07351        75       640    0.5232    0.4621    0.4511     0.234   0.06197   0.03028   0.01888
     28/99     7.46G   0.04227   0.01959     0.011   0.07286        66       640    0.4837    0.4902    0.4515    0.2342   0.06217   0.02921   0.01858
     29/99     7.46G   0.04219   0.01979   0.01097   0.07295        72       640    0.4857    0.5043    0.4574    0.2351   0.06083   0.03055   0.01862
     30/99     7.46G   0.04237   0.01986   0.01089   0.07312        86       640    0.4837     0.488    0.4512    0.2402   0.06129   0.03051    0.0183
     31/99     7.46G   0.04201   0.01968   0.01068   0.07237        97       640    0.5048    0.4842    0.4527    0.2412   0.06129   0.02956   0.01812
     32/99     7.46G   0.04203   0.01983   0.01062   0.07248        77       640    0.4923    0.5072    0.4619    0.2441   0.06137   0.02988   0.01821
     33/99     7.46G   0.04186   0.01961   0.01038   0.07185       111       640    0.5047    0.4875    0.4608    0.2433   0.06081   0.03026   0.01815
     34/99     7.46G   0.04195   0.01969    0.0105   0.07214       125       640    0.5166    0.4963    0.4711    0.2459   0.05993   0.03066   0.01782
     35/99     7.46G   0.04193   0.01971   0.01021   0.07186        79       640    0.5258    0.4939    0.4726    0.2516   0.06066   0.03003   0.01776
     36/99     7.46G   0.04137   0.01962   0.01017   0.07116        88       640    0.5019    0.5054    0.4747    0.2584   0.05965   0.03043   0.01776
     37/99     7.46G    0.0419   0.01978   0.01014   0.07181        82       640    0.5227    0.5011    0.4692     0.251   0.06031   0.02984   0.01773
     38/99     7.46G   0.04165   0.01987    0.0101   0.07162        97       640    0.5387    0.4972    0.4749     0.256   0.05931   0.03054   0.01754
     39/99     7.46G   0.04151   0.01961   0.01009   0.07122       114       640    0.5142    0.4942     0.468    0.2515   0.05988   0.02976   0.01793
     40/99     7.46G   0.04138   0.01972  0.009924   0.07102       101       640    0.5295    0.4884    0.4711    0.2553   0.05895    0.0312   0.01743
     41/99     7.46G   0.04133   0.01952   0.00999   0.07084       159       640    0.4903    0.5149     0.468    0.2505   0.05967   0.03043   0.01777
     42/99     7.46G   0.04126   0.01943  0.009857   0.07054        73       640    0.5244    0.4996    0.4792    0.2571   0.05974   0.03073   0.01735
     43/99     7.46G   0.04102   0.01961  0.009871    0.0705       148       640    0.5475    0.4739    0.4741    0.2546   0.05879   0.03073   0.01769
     44/99     7.46G   0.04128   0.01934  0.009683    0.0703        70       640      0.56    0.4806    0.4816    0.2604   0.05908   0.03053    0.0178
     45/99     7.46G   0.04091   0.01922  0.009614   0.06975        44       640    0.5252    0.4907    0.4794    0.2601   0.05881   0.03105   0.01719
     46/99     7.46G   0.04097   0.01957  0.009443   0.06999       125       640    0.5432    0.4948    0.4837    0.2656   0.05856   0.03079    0.0173
     47/99     7.46G   0.04066   0.01929  0.009424   0.06937        67       640    0.5393    0.4925    0.4831    0.2622   0.05884   0.03044   0.01711
     48/99     7.46G   0.04076   0.01949  0.009465   0.06971        66       640    0.5584    0.4955    0.4898    0.2667   0.05856   0.03051   0.01739
     49/99     7.46G   0.04046   0.01918  0.009099   0.06875       106       640    0.5501    0.5096     0.496    0.2662   0.05739   0.03129   0.01708
     50/99     7.46G   0.04063   0.01934   0.00916   0.06913       100       640    0.5456    0.5043     0.492    0.2617   0.05781   0.03111   0.01711
     51/99     7.46G   0.04029   0.01908  0.009236   0.06861       103       640    0.6042    0.4644    0.4932    0.2642   0.05784   0.03095   0.01704
     52/99     7.46G   0.04066   0.01932   0.00922    0.0692        89       640    0.5632    0.4876    0.4891    0.2602    0.0578   0.03085   0.01722
     53/99     7.46G   0.04025   0.01912  0.009029    0.0684        78       640    0.5225    0.5145    0.4913    0.2697   0.05754   0.03108   0.01714
     54/99     7.46G   0.04015    0.0194  0.008895   0.06844       130       640    0.5721    0.5001    0.5002    0.2724   0.05708    0.0312   0.01705
     55/99     7.46G    0.0404   0.01907  0.008846   0.06832        64       640    0.5294    0.5359    0.4996    0.2707   0.05764   0.03142   0.01707
     56/99     7.46G   0.04011   0.01935  0.008855   0.06832        65       640     0.554    0.5127    0.5045     0.275   0.05723   0.03095   0.01666
     57/99     7.46G   0.03994   0.01912  0.008803   0.06787        79       640    0.5579    0.5141    0.5008    0.2727   0.05683   0.03119   0.01693
     58/99     7.46G   0.03994   0.01921   0.00866   0.06781        97       640    0.5781    0.4885    0.4995    0.2741   0.05684   0.03161   0.01657
     59/99     7.46G   0.03988   0.01925  0.008846   0.06798        92       640    0.5512    0.5209    0.5066    0.2814   0.05681   0.03148   0.01638
     60/99     7.46G   0.03988   0.01908  0.008775   0.06774        76       640    0.5662    0.5075    0.5086    0.2803    0.0571   0.03088   0.01661
     61/99     7.46G   0.03968   0.01909  0.008795   0.06757        72       640    0.5835    0.4923    0.5011    0.2783   0.05629   0.03148   0.01652
     62/99     7.46G   0.03966   0.01908  0.008428   0.06717        77       640    0.5463     0.523    0.4955    0.2749   0.05703   0.03163   0.01654
     63/99     7.46G   0.03975   0.01892  0.008521   0.06719        45       640    0.5257    0.5482    0.5023    0.2785   0.05645   0.03143   0.01668
     64/99     7.46G   0.03927   0.01904  0.008287    0.0666       101       640    0.5348    0.5362    0.5011     0.278   0.05624   0.03165   0.01656
     65/99     7.46G   0.03919   0.01907  0.008238    0.0665        46       640    0.5478    0.5249    0.5069    0.2794    0.0561    0.0314   0.01635
     66/99     7.46G   0.03939   0.01879   0.00825   0.06643       101       640    0.5701    0.5109    0.5112    0.2843   0.05582   0.03209   0.01639
     67/99     7.46G    0.0392   0.01897  0.008122   0.06629        95       640    0.5791    0.5175    0.5182    0.2873   0.05597   0.03174   0.01655
     68/99     7.46G   0.03895   0.01909  0.008149   0.06618        76       640    0.5431    0.5338    0.5087    0.2841   0.05566   0.03181   0.01643
     69/99     7.46G   0.03905   0.01885  0.008229   0.06613       126       640    0.5487    0.5276    0.5072    0.2815   0.05564    0.0319   0.01628
     70/99     7.46G   0.03858   0.01856   0.00791   0.06505        77       640     0.565    0.5253    0.5095    0.2843   0.05548    0.0322   0.01632
     71/99     7.46G   0.03899   0.01889  0.008134   0.06602        84       640     0.563     0.519    0.5058     0.283    0.0556   0.03212   0.01643
     72/99     7.46G   0.03886   0.01865  0.007897    0.0654       154       640    0.5552    0.5388     0.509    0.2842   0.05552   0.03218    0.0163
     73/99     7.46G   0.03874   0.01883  0.007767   0.06534       102       640    0.5538    0.5236    0.5089    0.2829   0.05569   0.03206   0.01657
     74/99     7.46G   0.03857   0.01861  0.007709   0.06489       179       640     0.571    0.5207    0.5095    0.2868   0.05519   0.03214   0.01651
     75/99     7.46G   0.03869   0.01846  0.007808   0.06495       127       640    0.5454    0.5386     0.508    0.2844   0.05515   0.03232   0.01643
     76/99     7.46G   0.03852   0.01877  0.007725   0.06501        87       640    0.5615    0.5119    0.5089    0.2861   0.05487   0.03247   0.01632
     77/99     7.46G   0.03806   0.01857  0.007624   0.06426        48       640    0.5502    0.5391    0.5158    0.2895   0.05475   0.03232   0.01625
     78/99     7.46G   0.03809   0.01827  0.007276   0.06364        65       640    0.5604    0.5348    0.5122    0.2873   0.05481   0.03259   0.01624
     79/99     7.46G   0.03831   0.01834   0.00764   0.06429        90       640    0.5587    0.5368    0.5123    0.2874   0.05453   0.03281   0.01622
     80/99     7.46G   0.03812   0.01837   0.00744   0.06393        68       640    0.6111    0.5065    0.5143    0.2909   0.05458   0.03291   0.01621
     81/99     7.46G   0.03807   0.01839  0.007335    0.0638        96       640    0.5668     0.526    0.5103    0.2873   0.05457   0.03285   0.01628
     82/99     7.46G   0.03805    0.0184  0.007432   0.06388       105       640    0.5827    0.5195     0.511    0.2879   0.05456   0.03288   0.01627
     83/99     7.46G   0.03816   0.01842  0.007499   0.06408        54       640    0.5686     0.521    0.5139      0.29   0.05467   0.03301   0.01615
     84/99     7.46G   0.03773   0.01829  0.007083    0.0631        64       640    0.6029    0.4987    0.5108    0.2899   0.05466   0.03292   0.01612
     85/99     7.46G   0.03797   0.01831  0.007442   0.06372        84       640    0.5902    0.5229    0.5151    0.2903   0.05478   0.03281   0.01624
     86/99     7.46G   0.03769   0.01819  0.007292   0.06317       104       640    0.5558    0.5434    0.5145    0.2911    0.0548   0.03282    0.0164
     87/99     7.46G   0.03763    0.0182  0.007174   0.06301        60       640    0.5861    0.5212    0.5166    0.2919   0.05486   0.03285   0.01639
     88/99     7.46G   0.03783   0.01823  0.006975   0.06303       121       640    0.5723     0.537    0.5165    0.2923   0.05473   0.03295   0.01636
     89/99     7.46G    0.0377   0.01818  0.007217   0.06309        92       640    0.5794    0.5316    0.5194    0.2927   0.05473   0.03304   0.01639
     90/99     7.46G   0.03776   0.01809  0.007202   0.06305        63       640    0.6083    0.5045    0.5164    0.2921   0.05476   0.03304   0.01636
     91/99     7.46G   0.03737   0.01816  0.006902   0.06243        92       640    0.5761    0.5302    0.5174    0.2932   0.05477   0.03307   0.01642
     92/99     7.46G   0.03746   0.01832  0.007084   0.06287        69       640    0.6036    0.5123    0.5167    0.2928   0.05466   0.03317    0.0164
     93/99     7.46G   0.03745   0.01826  0.007133   0.06284        72       640    0.6072    0.5157    0.5198    0.2952   0.05455   0.03326   0.01639
     94/99     7.46G   0.03739   0.01849  0.006802   0.06268        49       640     0.577     0.532    0.5211    0.2971   0.05441   0.03321   0.01628
     95/99     7.46G   0.03754   0.01819  0.006977   0.06271        83       640    0.6029    0.5091    0.5207    0.2967   0.05433   0.03334    0.0162
     96/99     7.46G   0.03766   0.01837  0.007028   0.06306       117       640    0.6007    0.5143    0.5203    0.2958   0.05428   0.03336   0.01622
     97/99     7.46G   0.03744    0.0181  0.006906   0.06245        62       640    0.5805    0.5315    0.5212    0.2952   0.05436   0.03339   0.01628
     98/99     7.46G   0.03734   0.01801  0.006879   0.06223        74       640    0.5834    0.5244    0.5204    0.2959   0.05436   0.03336   0.01628
     99/99     7.46G   0.03736   0.01784   0.00677   0.06197        63       640    0.6164    0.4983    0.5199     0.296    0.0545   0.03344   0.01629
